61471168
-224775
-24616021
104633
-80695298.218
-0.867
78694
57.027
968.256
429.655
13275
0.002
110.518
337924
-146.061
50868.467
1362
313.65
995.22
0.667
426250
-556
3157519.2
-340.31
1347
31486
-1276
186738
1247.301
947.231
490000
17472.987
0.407
1.709
1.204
945.542
1574
23117735.075
567649.178
0
0
0.004
-556.821
162
1597824
759.461
0.277
211851.392
720769.967
1755
2.804
81675
1176
12693
-0.295
-463244.545
15.729
2050328.533
-0.18
56.218
-15849
-106575
1.667
468795.182
-2.109
13628
356.726
1168.496
383690
24196
318135.288
-972.053
0.548
36.308
268822.433
454721.631
40530
61354321.149
142157422
95.955
461295
356331.036
230.149
-169.436
1.721
168876265
0.001
1875
-831.378
-673
-0.002
-1.252
0.001
1361
1.282
1.827
1229
117.106
-50.674
295737
901.672
158.144
-274.465
-81692
0.08
2857.404
-554400
1
581476
226.413
0.494
796.384
16.906
251902
172.674
323607.843
-89180
-1212
39246
175791795
1025.63
7816.724
1676
58758896
30998732544
2612.923
885.991
902.805
103846050
30369
858.444
2.605
252109
565.226
1058780
1559
455951.149
1065
-90477532
685392
416.228
4480
79749
4027.463
497.999
3018
214485
5.501
128
305301
0.002
0
201234.867
0
114807
344.076
722.881
0.171
222.48
7259
480
64.948
0.001
1433
317815718
-14817058
649118
315077
744440.89
173886.61
466.294
0
-92.067
0.034
3280350254
0.128
104085.534
1.299
0.12
1.057
1.258
440.408
0.078
0.012
0.002
179.055
-0.326
291702
403657.203
55329
-30204.283
16685
0.542
188.335
0.206
221.694
0.002
592.181
37172520
318485
